REACT_APP_CONTRACT_ID=0.0.47861487
GENERATE_SOURCEMAP=false
REACT_APP_CONSUMER_ACCOUNT_ID=0.0.47859873
REACT_APP_CONSUMER_PUBLIC_KEY=302a300506032b65700321001cb2e900c247760720c140d945dab8b8d2a478f13bad501d65ea0a36bf799238
REACT_APP_CONSUMER_PRIVATE_KEY=302e020100300506032b657004220420c511bca7e17b1f91faf8dcd88cce789232ac679d93c965daaff50c25c2de4698
REACT_APP_VENDOR_ACCOUNT_ID=0.0.47861653
REACT_APP_VENDOR_PUBLIC_KEY=302a300506032b6570032100cd3772c32fc016b62c8b4a684597bb428195f17a05552a1af51d03c54d000646
REACT_APP_VENDOR_PRIVATE_KEY=302e020100300506032b657004220420ed960bc8f1bb4081ce1d5f708bb382bcd4d52e5ebe56e455d140064cc50bfb4
