REACT_APP_OPERATOR_ID=0.0.47861441
REACT_APP_OPERATOR_PRIVATE_KEY=302e020100300506032b657004220420094d31e59096763c8f2ddc46575ce0c707592c7edb2be766a6ad5441d453d0b4
REACT_APP_CONTRACT_ID=0.0.47861487